rouge1: 0.3401482769765364
rouge2: 0.11066574749616714
rougeL: 0.3028212047288897
rougeLsum: 0.30290745029648
